• i30, i40, i24, i58, r30, i48, i26, i11, r24, i13, i14 r20, r48, r11, i10, r24, i17, r13, r58, i3

----------------
                                               30
                                                         
----------------------------
                                               30
                                                                        40

----------------------------
                                               30
                        24                                              40

----------------------------
                                               30
                        24                                              40
                                                                                   58
----------------------------
                                               24
                                                                        40
                                                                                   58
----------------------------
                                               40
                        24                                              58

----------------------------
                                               40
                        24                                              58
                                                             48

----------------------------
                                               40
                        24                                              58
                                    26                       48

----------------------------
                                               40
                        24                                              58
             11                     26                       48

----------------------------
                                               40
                        11                                              58
                                    26                       48

----------------------------
                                               40
                        11                                              58
                                    26                       48
                                          13

----------------------------
                                               40
                        13                                              58
             11                     26                       48

----------------------------
                                               40
                        13                                              58
             11                     26                       48
                                14

----------------------------
                                               40
                        13                                              58
             11                     26                       
                                14

----------------------------
                                               26
                        13                                              40
             11                     14                                             58

----------------------------
                                               26
                        13                                              40
                                    14                                             58

----------------------------
                                               26
                        13                                              40
             10                     14                                             58

----------------------------
                                               26
                        13                                              40
             10                     14                                             58
                                         17

----------------------------
                                               26
                        10                                              40
                                    14                                             58
                                         17

----------------------------
                                               26
                        14                                              40
             10                     17                                             58

----------------------------
                                               26
                        14                                              40
             10                     17                                             

----------------------------
                                               26
                        14                                              40
             10                     17                                             
      3

----------------------------
                                               14
                        10                                              26
              3                                            17                      40


